443,548,588
443,549,589
443,549,590
443,550,589
443,550,589
443,551,589
443,551,589
443,550,589
443,550,590
443,550,589
443,550,589
443,549,589
443,549,589
443,549,589
443,549,589
443,549,589
443,549,588
443,548,588
443,548,588
444,548,589
443,548,588
443,547,588
443,547,588
444,547,588
443,547,587
444,546,587
443,546,587
443,546,587
443,546,587
443,546,587
443,546,586
443,546,586
443,546,586
443,547,586
443,547,586
443,547,586
443,546,586
443,546,586
444,546,586
444,546,586
444,545,586
444,545,586
444,545,587
444,544,587
444,544,587
444,543,587
444,543,587
444,543,587
444,542,587
444,542,587
444,542,587
444,542,587
444,541,587
444,541,587
444,541,587
444,541,587
444,541,587
444,541,587
444,542,587
444,542,587
444,542,587
444,543,587
444,543,587
444,543,587
444,544,587
444,544,588
444,544,588
444,545,588
444,545,588
444,545,588
444,545,588
444,546,589
444,545,589
445,545,589
445,545,589
445,545,589
445,545,589
444,545,589
444,545,590
444,545,590
444,545,590
444,545,590
444,545,591
444,545,591
444,545,591
444,545,591
444,545,591
444,546,591
444,546,591
444,546,591
444,546,591
444,546,591
444,546,591
444,546,591
444,546,591
444,546,591
444,545,591
444,545,591
444,545,591
444,545,591
444,545,591
444,546,591
444,545,591
444,545,590
444,545,591
444,545,591
444,545,591
444,545,591
444,545,591
444,546,591
444,545,591
444,546,591
444,545,590
444,546,591
444,545,590
444,546,592
444,545,591
444,546,590
444,545,592
444,545,592
444,546,592
444,545,591
444,547,591
444,545,589
444,547,592
444,545,590
444,546,592
444,545,591
444,545,592
444,545,592
444,545,592
444,545,593
444,545,591
444,545,592
443,544,590
444,545,591
444,544,590
444,545,591
444,544,590
444,544,590
444,543,590
444,544,590
444,543,591
444,543,591
444,543,592
444,542,591
444,543,592
444,542,591
444,542,592
445,542,592
445,542,593
445,541,592
444,542,593
445,542,593
445,542,593
444,542,593
444,542,593
444,542,593
444,542,593
445,543,594
445,543,593
445,543,593
445,543,593
445,543,593
444,543,592
444,543,593
444,543,593
444,543,593
444,543,592
444,543,593
444,543,593
444,542,592
444,543,593
444,542,593
444,543,593
444,542,593
444,543,593
444,543,593
444,543,593
444,543,593
444,543,593
444,543,594
443,543,594
444,544,594
444,544,594
444,544,594
444,544,595
444,544,595
444,544,595
444,544,595
444,544,595
444,544,595
444,544,596
444,544,596
444,544,596
444,544,596
444,544,596
444,544,595
444,544,596
444,543,596
444,543,596
444,543,595
444,543,595
444,543,595
444,543,595
444,543,595
444,543,595
444,543,595
444,543,595
444,543,595
444,543,595
444,543,595
444,543,595
444,543,595
444,543,595
444,543,596
444,543,596
444,543,596
444,543,596
444,543,596
444,543,596
443,543,595
443,543,595
443,542,595
444,542,595
444,542,595
444,542,595
444,542,595
444,542,596
444,542,596
444,542,596
444,542,596
444,543,596
443,543,596
443,543,596
443,544,596
443,544,596
443,544,596
443,545,596
443,545,596
443,545,596
443,546,596
443,546,596
443,547,597
443,546,595
443,547,596
443,547,596
443,547,596
443,547,596
443,547,595
443,548,596
443,548,596
443,548,596
443,548,595
442,548,596
442,548,595
442,548,596
442,548,596
442,549,596
442,548,596
442,549,595
442,549,595
442,549,596
442,549,596
442,549,596
442,549,596
442,549,596
442,549,597
442,548,597
442,548,597
442,548,597
442,549,598
442,548,598
442,548,598
442,548,598
442,548,599
442,548,599
442,548,599
442,548,600
442,548,600
442,548,599
442,548,599
442,549,599
442,548,599
442,548,599
442,548,599
442,548,599
442,548,600
442,548,600
442,548,600
442,548,600
442,548,600
442,548,600
442,548,600
442,548,600
442,548,600
442,548,599
442,548,599
442,548,599
442,548,599
442,548,599
442,547,599
442,547,599
442,547,599
442,548,599
442,547,598
442,547,598
442,547,599
442,547,599
442,547,598
442,547,598
442,547,598
441,547,598
441,547,598
441,547,597
441,547,597
440,547,597
440,547,597
440,548,597
440,548,597
440,548,597
440,548,596
440,549,596
439,549,595
439,549,595
439,550,595
439,550,595
439,550,595
438,551,594
438,552,594
438,552,594
438,553,594
438,554,593
438,554,593
437,555,593
437,556,593
437,557,593
437,557,593
437,558,593
437,559,593
437,559,593
436,560,592
436,561,593
436,561,593
436,562,593
436,563,593
436,563,593
436,564,593
436,564,593
436,565,593
436,566,593
437,567,593
437,567,593
437,568,593
438,568,592
438,569,592
438,570,592
438,572,592
438,573,592
439,574,591
440,575,591
441,575,590
441,576,590
442,576,589
441,577,589
441,577,589
441,577,588
440,577,588
440,577,588
439,577,587
438,578,586
438,578,586
437,579,585
437,579,585
437,580,584
437,580,584
437,581,583
436,582,582
436,583,581
436,584,581
436,585,581
435,586,580
435,587,579
435,588,578
435,588,578
435,590,577
434,591,576
434,592,576
434,593,575
435,594,575
435,597,574
433,597,572
434,600,571
433,601,568
433,604,568
433,605,567
433,608,565
433,610,564
432,611,562
432,614,562
432,616,559
432,618,559
431,619,555
430,623,555
429,623,551
428,626,550
427,627,547
425,630,545
423,631,542
422,633,540
420,635,537
418,637,534
416,639,532
414,640,528
412,642,527
410,643,524
408,646,521
406,647,518
404,649,516
403,650,513
401,652,510
400,652,507
398,653,504
397,654,502
395,654,498
394,655,496
393,655,492
393,655,490
392,654,486
391,654,485
390,653,481
390,652,479
390,651,477
390,650,475
389,649,473
389,649,470
389,647,467
389,647,465
390,646,464
391,645,462
391,645,462
392,644,458
391,644,457
391,643,455
392,642,454
392,640,452
392,639,450
392,637,449
392,636,447
392,636,447
392,634,444
392,635,445
393,632,443
393,633,443
393,631,441
393,631,442
393,630,441
393,630,441
393,629,440
393,629,439
393,628,439
393,627,439
393,627,439
393,625,438
391,625,438
391,625,437
391,624,437
390,623,436
390,623,436
390,621,435
389,622,436
389,620,435
389,620,435
390,619,434
390,619,434
390,618,434
391,617,434
392,616,433
393,616,434
394,615,434
395,615,433
396,614,433
397,613,433
398,613,433
398,612,432
399,611,433
400,610,432
400,610,432
400,608,432
401,608,432
401,606,432
401,606,432
402,605,432
403,604,432
403,603,432
404,602,432
405,601,432
406,599,432
407,598,432
408,597,432
409,596,433
410,594,433
411,593,433
412,591,433
413,590,433
414,588,433
415,587,433
416,586,433
417,584,432
418,583,432
419,581,432
420,580,432
420,579,431
421,578,431
422,577,430
423,576,431
423,575,430
424,574,430
425,573,430
425,572,430
426,572,429
427,571,429
428,570,429
429,569,428
429,568,429
430,568,428
431,567,428
431,567,428
432,566,428
432,565,428
433,565,427
433,565,427
434,565,427
434,564,427
434,564,427
434,564,427
435,564,427
435,563,427
435,563,427
436,563,427
436,563,427
437,563,427
437,563,428
438,563,428
438,562,428
439,563,428
440,563,429
440,563,430
441,563,430
442,563,431
443,563,431
444,563,432
446,563,433
447,563,434
448,562,434
450,562,435
451,561,436
453,561,436
455,560,437
457,559,438
459,558,438
462,557,439
464,556,439
467,555,440
470,554,441
473,553,442
476,551,442
480,550,443
483,548,444
487,546,445
490,544,446
494,542,446
498,539,448
502,536,449
506,534,450
510,531,450
514,528,452
519,524,453
523,521,454
528,517,456
532,513,457
537,509,459
542,506,460
547,502,462
553,498,464
558,494,465
564,490,467
570,486,469
576,482,471
582,478,474
589,473,477
596,469,479
603,465,483
610,460,486
617,455,490
625,451,495
633,446,500
641,442,506
649,438,513
657,434,520
665,430,528
673,426,537
681,422,546
688,418,555
695,414,566
702,410,577
708,406,589
713,402,601
718,398,614
723,393,627
727,389,641
730,385,654
733,381,668
736,377,681
738,373,696
740,369,710
742,364,723
743,360,737
743,356,751
744,352,764
744,347,776
745,343,788
747,339,801
748,335,812
750,330,824
751,325,836
753,320,848
754,315,858
756,310,869
757,305,879
759,301,889
759,296,900
760,292,910
760,288,919
760,285,928
760,282,938
760,278,946
759,276,955
758,273,963
757,271,971
756,270,978
755,270,985
753,270,991
752,270,996
751,271,1000
750,272,1004
749,272,1007
748,273,1010
747,274,1012
747,276,1013
746,278,1014
746,279,1014
745,280,1013
745,282,1012
744,284,1010
744,286,1006
743,288,1002
743,291,997
742,294,991
742,297,986
741,300,980
740,304,974
739,310,968
739,315,962
738,319,954
737,324,947
736,328,940
735,332,932
734,337,925
733,340,917
732,345,909
731,348,900
730,352,892
729,355,883
728,358,875
727,360,865
726,364,857
725,366,848
724,368,840
722,370,831
721,372,822
720,374,813
719,376,804
717,379,796
716,381,787
715,384,778
713,386,769
712,390,761
711,393,752
709,397,743
707,402,734
705,406,726
702,411,717
700,416,708
698,421,700
696,427,691
693,432,683
691,438,675
688,444,667
686,450,659
684,456,652
682,462,644
680,468,638
678,475,631
677,481,625
676,488,619
675,494,613
674,501,608
673,509,604
673,516,599
672,524,596
671,532,592
670,540,589
668,548,586
667,557,583
665,567,581
663,576,579
660,586,576
657,595,574
654,606,572
650,616,570
646,626,569
642,637,567
638,647,565
633,658,563
628,668,561
623,679,558
619,689,556
614,700,553
610,711,551
606,721,548
603,732,544
599,743,541
596,754,537
593,765,534
590,776,531
587,787,527
583,799,524
580,811,521
576,822,517
571,834,514
565,845,512
559,857,508
551,869,505
543,881,501
535,892,498
526,904,495
517,915,491
508,926,488
499,937,484
491,948,480
482,959,475
473,969,469
465,979,464
456,987,459
448,993,454
440,998,449
432,1002,444
424,1006,438
416,1008,432
409,1010,426
401,1012,420
395,1014,414
388,1015,409
382,1016,403
376,1017,397
371,1018,392
366,1018,386
362,1019,380
359,1019,375
356,1020,370
354,1020,365
353,1020,360
352,1020,356
352,1021,352
352,1020,348
352,1018,344
354,1015,340
355,1010,336
356,1003,333
357,997,328
359,993,325
360,989,323
362,985,319
363,981,316
364,975,313
365,970,310
366,964,307
368,953,308
370,954,312
370,948,299
369,946,296
369,941,286
369,939,287
370,931,277
370,929,278
369,919,267
367,918,268
366,907,259
364,904,260
363,894,253
361,891,255
359,883,249
356,881,250
353,874,244
351,872,243
348,867,239
345,864,237
342,860,234
338,857,231
335,854,228
332,850,223
328,847,219
325,843,213
322,840,211
318,835,206
316,832,204
313,827,198
327,820,197
320,816,196
314,808,194
312,804,190
311,798,191
312,801,185
311,793,179
312,788,180
314,780,181
316,777,192
316,768,187
317,763,179
318,765,175
321,762,166
323,762,168
326,759,170
329,757,177
332,750,179
334,745,185
336,735,186
339,730,193
343,722,197
347,718,205
351,712,209
354,709,214
359,704,216
363,702,220
367,698,223
371,695,227
375,691,230
379,687,232
383,682,233
388,676,235
393,670,237
398,663,240
404,656,243
410,650,245
417,645,248
423,639,249
429,635,251
435,630,253
441,626,256
447,621,258
453,616,260
459,611,263
465,606,267
471,601,271
477,596,275
484,590,279
490,584,284
497,578,288
505,573,294
513,567,300
521,562,305
529,556,310
537,551,315
546,545,320
555,539,324
564,533,329
573,527,334
583,521,338
592,514,343
602,508,348
612,500,353
622,494,359
632,486,364
642,479,369
652,471,375
662,463,381
672,455,386
682,446,392
692,438,397
702,429,403
711,420,409
721,411,415
730,402,421
739,393,427
748,384,433
757,375,440
765,366,447
774,357,455
782,347,464
791,339,474
799,330,484
808,322,495
817,314,508
826,306,521
834,299,535
843,290,549
852,283,564
860,275,580
870,267,597
878,259,614
887,251,632
895,243,650
903,235,668
911,226,685
917,218,704
923,209,722
928,203,741
934,192,757
939,184,778
943,174,796
947,165,816
949,156,834
952,149,854
954,141,870
956,136,889
957,130,905
957,127,923
958,123,938
958,120,954
958,117,967
959,116,977
959,114,985
959,113,992
959,111,997
959,111,1001
960,111,1005
960,111,1008
960,113,1010
960,116,1012
959,120,1013
958,125,1015
956,129,1016
954,135,1017
952,140,1017
950,145,1018
948,151,1019
945,158,1019
943,165,1019
942,172,1020
940,180,1020
939,187,1020
937,195,1021
935,206,1021
934,217,1021
933,228,1021
931,240,1021
930,251,1021
929,262,1021
928,273,1021
927,284,1021
927,296,1021
927,307,1021
927,318,1016
926,328,1008
926,338,999
926,347,988
926,357,977
926,365,965
926,374,950
926,382,934
926,390,919
925,397,904
924,405,888
922,412,873
921,420,858
919,427,843
918,434,828
916,442,812
914,450,796
912,459,781
910,467,766
908,476,751
906,485,736
904,494,721
901,502,706
898,511,691
895,520,677
891,530,662
888,540,648
885,552,633
882,565,618
879,580,603
875,595,587
871,613,571
867,631,556
861,650,539
853,670,523
844,690,507
833,712,492
820,732,477
805,752,463
787,772,449
768,792,438
746,811,427
722,830,418
698,848,409
672,866,400
647,883,391
622,898,383
597,913,375
574,923,365
550,938,362
529,945,351
509,958,348
491,966,341
474,975,336
459,981,331
444,988,325
430,993,321
416,998,317
404,1002,316
391,1005,311
380,1008,310
369,1010,305
359,1012,303
349,1014,297
340,1015,295
332,1016,291
324,1017,289
318,1018,287
315,1018,285
312,1019,283
309,1019,281
307,1019,277
304,1020,273
303,1020,266
302,1020,265
301,1020,263
299,1020,261
295,1018,256
293,1016,250
292,1014,245
292,1012,240
292,1009,234
291,1006,228
290,1003,223
289,1000,218
288,995,213
287,991,210
287,989,207
287,985,204
285,973,198
284,976,206
282,967,194
280,969,195
279,960,186
278,961,188
278,953,181
277,953,181
275,946,175
274,945,176
272,937,171
268,935,174
265,928,172
263,925,173
261,919,172
260,915,173
262,909,173
264,903,173
267,898,175
269,891,176
271,887,179
273,880,179
276,876,182
278,868,181
281,865,185
283,858,184
285,854,187
288,847,187
289,843,191
291,836,190
294,833,193
295,823,191
297,819,198
300,810,195
301,801,200
304,790,199
308,787,205
313,778,203
317,776,206
321,769,207
325,766,209
329,761,211
334,756,212
338,752,215
341,747,215
343,743,218
346,737,219
348,734,222
350,728,222
352,726,226
355,720,227
357,718,230
360,713,231
362,711,234
365,706,235
368,704,239
371,700,241
375,698,243
379,694,245
384,692,248
389,689,249
394,686,251
399,682,253
404,678,255
410,674,257
415,670,259
420,665,260
425,660,262
430,655,264
435,649,266
441,643,268
446,637,270
451,631,272
457,624,273
463,618,275
469,611,277
476,603,279
483,596,280
490,588,282
498,579,284
505,571,286
513,563,287
520,555,289
528,546,291
536,538,293
544,529,295
552,522,299
560,511,300
568,505,303
576,496,304
584,490,308
592,481,310
601,476,314
610,469,316
619,464,320
628,457,322
638,452,325
648,446,329
657,441,333
666,435,337
676,429,341
685,424,346
694,418,351
703,412,357
712,406,363
720,400,369
728,394,376
736,388,383
744,382,390
751,376,398
759,370,404
766,365,411
773,360,418
780,355,426
788,351,433
795,347,441
802,342,449
809,339,457
816,335,465
823,331,475
825,324,480
825,324,482
826,318,481
832,321,485
843,324,501
851,314,507
864,316,524
876,309,558
887,307,582
894,299,592
899,294,592
905,296,601
909,298,603
913,300,608
915,300,612
915,303,624
917,301,632
919,307,653
835,316,636
830,325,688
835,320,719
855,288,748
878,293,784
889,287,823
899,278,825
909,282,853
917,274,878
922,279,906
923,268,920
921,271,940
921,261,947
922,274,962
922,267,968
921,276,978
919,268,986
918,279,992
915,271,997
916,279,1002
915,277,1005
915,281,1008
913,280,1010
911,287,1012
910,288,1014
910,296,1015
909,301,1016
908,308,1017
904,315,1018
901,320,1019
900,333,1019
902,339,1019
905,347,1020
910,353,1020
915,359,1020
922,365,1020
927,371,1021
931,378,1021
933,385,1021
934,392,1021
936,398,1021
939,403,1021
942,408,1021
945,413,1021
949,418,1022
954,423,1022
959,428,1022
965,434,1022
971,439,1022
978,444,1022
986,448,1022
992,454,1022
998,459,1017
1002,464,1007
1005,470,995
1008,475,978
1010,481,959
1012,487,939
1014,494,918
1015,501,896
1016,509,874
1017,518,853
1018,527,832
1019,538,811
1019,549,790
1020,562,769
1020,577,749
1020,592,728
1021,608,707
1021,625,686
1021,642,664
1021,659,643
1021,674,620
1021,690,597
1017,704,574
1007,717,550
996,729,528
981,741,507
962,751,485
941,761,463
917,769,441
893,777,421
867,784,403
840,791,387
813,798,371
785,803,355
757,809,340
730,815,325
703,820,312
676,825,298
651,829,284
626,832,273
603,836,264
581,838,256
558,838,249
538,840,245
517,838,238
493,837,232
469,837,226
449,835,220
432,834,217
416,833,214
403,831,212
390,829,210
378,827,207
367,825,205
357,822,205
352,819,204
348,817,207
345,815,213
343,813,217
342,810,220
340,809,221
339,807,221
339,805,220
339,802,221
340,800,225
341,798,228
342,795,231
343,793,233
344,790,235
345,788,237
347,787,239
347,785,240
347,785,241
347,784,240
346,784,237
345,784,234
343,783,231
341,783,229
339,782,228
336,781,227
334,780,228
332,779,227
329,778,227
328,776,227
326,774,228
325,772,231
323,770,234
322,768,236
321,766,239
320,763,240
318,760,242
318,757,244
318,754,246
319,750,248
320,747,251
322,743,254
323,739,257
324,735,259
326,730,261
328,725,264
330,720,267
332,715,271
334,710,275
336,705,278
338,701,282
341,696,285
343,691,289
346,686,292
348,682,296
351,678,301
354,673,304
357,669,309
361,665,313
364,660,317
367,656,322
371,651,326
374,647,332
378,642,336
382,638,342
384,634,347
388,627,348
392,628,360
395,622,361
399,620,369
402,616,373
405,614,380
407,609,382
409,608,388
412,603,393
414,602,400
417,599,404
419,597,409
421,594,414
423,593,419
424,591,424
426,589,429
427,586,433
429,585,438
431,583,444
432,581,448
434,580,454
435,578,459
436,577,464
437,575,468
439,574,472
440,572,476
442,571,481
443,570,485
445,569,489
446,567,492
448,566,496
449,564,499
450,562,503
452,560,506
453,559,510
455,557,513
456,555,517
457,553,520
458,551,524
459,549,528
460,547,531
461,544,534
462,542,537
463,540,540
465,537,543
466,536,547
467,534,550
468,532,553
468,530,556
469,528,558
470,526,561
471,524,564
471,522,566
472,521,569
473,519,572
474,518,574
474,516,576
475,515,579
475,514,582
476,512,584
476,511,586
477,510,588
477,510,590
477,509,592
477,508,593
477,507,595
478,507,597
478,506,598
478,506,600
478,505,601
478,505,602
479,504,603
479,504,604
480,504,605
480,503,606
480,503,607
480,502,608
480,502,610
480,501,611
480,501,612
479,501,613
479,501,614
478,500,616
477,500,617
476,500,617
475,500,618
474,499,619
473,499,619
472,499,619
471,499,620
470,498,620
469,498,620
468,498,620
467,498,620
466,497,620
465,498,619
464,497,619
464,496,618
463,496,619
463,495,617
462,496,619
461,493,615
460,495,617
460,494,615
459,495,616
459,494,615
458,494,613
458,494,612
457,494,612
456,494,611
456,494,610
455,494,609
454,494,608
454,495,608
453,495,608
453,496,608
453,495,607
452,496,607
452,496,606
451,497,606
451,497,605
450,498,604
450,498,604
450,499,603
449,499,603
449,500,602
449,500,602
449,501,602
449,502,602
449,502,601
449,503,602
448,504,601
448,504,602
448,505,602
447,507,603
447,507,603
446,508,604
446,510,604
445,511,604
445,512,604
445,513,604
444,514,605
444,515,605
444,516,605
444,517,606
444,518,606
444,519,606
444,520,607
443,521,607
443,522,607
443,523,607
443,524,607
443,525,607
443,526,607
443,527,608
443,528,608
443,529,608
443,530,609
444,531,609
444,532,609
444,533,609
444,534,609
444,535,609
445,535,609
445,536,610
446,537,610
446,538,610
447,538,610
448,538,611
449,538,611
449,538,612
450,538,612
450,537,612
451,537,613
451,536,613
452,535,614
452,534,614
452,533,615
452,533,615
452,532,616
452,531,616
452,531,617
451,530,618
451,530,618
450,530,619
450,530,619
449,530,619
449,530,619
448,530,619
448,529,619
448,530,619
448,530,618
447,530,618
447,531,617
447,531,616
446,532,616
446,532,616
445,533,615
445,534,615
444,534,615
443,535,614
442,536,614
442,536,614
441,537,614
440,538,613
439,539,613
438,540,613
437,541,613
436,542,612
436,543,612
435,544,611
435,545,611
434,545,610
434,546,610
434,547,610
433,548,610
433,548,609
432,549,608
432,550,608
431,550,608
431,551,607
431,551,606
430,552,606
430,552,606
430,552,605
429,553,605
429,553,605
429,553,604
428,553,604
428,553,603
428,553,603
428,553,602
428,553,602
428,553,602
428,553,602
428,553,601
428,552,601
428,552,601
428,552,601
428,552,600
427,552,600
427,551,600
427,551,600
428,551,600
427,551,599
428,551,599
428,551,599
428,551,599
429,551,598
429,551,598
429,551,599
430,551,598
430,551,598
430,551,598
430,551,598
430,551,598
430,551,598
430,551,598
430,551,598
430,551,598
430,551,598
430,551,598
430,551,598
430,551,598
430,551,598
430,551,598
430,552,598
430,552,597
430,552,597
430,552,597
430,552,597
430,552,597
430,553,597
430,553,597
430,553,597
430,553,597
430,553,597
430,553,597
430,554,597
430,554,597
431,553,597
431,553,597
431,553,597
431,553,596
432,553,596
432,553,596
432,552,596
432,552,596
432,551,596
433,550,596
432,550,596
433,549,596
433,548,596
433,548,596
433,547,596
433,546,596
432,545,596
433,545,596
432,544,596
433,544,596
433,543,596
433,543,596
433,542,596
433,542,596
434,541,596
434,541,596
435,541,597
435,540,598
436,540,598
436,540,598
437,539,599
437,539,599
438,538,600
438,538,600
438,538,600
439,538,601
439,538,601
439,538,602
439,538,603
438,538,603
438,538,603
438,538,604
438,539,604
438,539,604
438,539,605
437,540,605
437,540,605
437,541,605
436,541,605
436,542,605
436,542,605
435,543,605
435,543,605
435,543,605
435,544,605
435,544,605
435,544,605
435,544,605
435,545,605
435,545,605
435,545,605
435,545,605
435,545,605
435,545,605
435,545,605
435,545,605
436,544,605
436,544,605
436,544,605
436,544,605
436,544,605
436,544,606
436,544,606
437,544,606
437,543,606
437,543,606
437,543,607
437,543,607
437,543,607
437,543,608
438,543,608
438,543,608
438,543,608
438,543,608
438,542,609
438,543,609
438,542,609
438,542,609
438,542,609
438,543,609
438,543,610
439,543,610
439,543,610
439,543,610
439,543,610
439,543,610
439,543,610
439,543,610
439,543,610
439,543,610
439,543,609
440,543,609
440,543,609
440,543,609
440,543,609
440,543,608
440,543,608
440,543,608
440,543,607
440,543,607
440,543,607
440,544,607
439,544,606
439,544,606
439,544,605
439,544,605
439,545,604
439,545,604
439,545,603
439,545,603
438,545,602
438,545,602
438,545,602
438,545,602
438,545,602
438,545,602
438,545,602
438,544,601
438,544,601
438,544,601
439,544,601
439,543,601
439,543,601
439,542,601
439,542,601
439,541,601
439,541,600
439,541,601
439,540,600
439,540,600
439,539,600
440,539,600
440,539,600
440,538,599
440,538,599
440,537,599
440,537,599
440,536,599
440,536,599
440,535,599
440,534,598
440,534,598
440,534,598
440,533,597
440,533,597
440,532,597
440,532,597
440,531,596
440,531,596
440,531,596
440,531,595
440,530,595
440,530,595
440,530,595
440,530,595
439,530,594
439,530,594
439,530,593
439,530,593
438,530,593
438,530,592
438,530,592
438,531,592
438,531,592
438,531,591
438,531,591
438,531,591
438,531,591
438,531,591
438,531,591
438,531,591
438,531,591
438,531,590
438,531,590
438,531,591
438,531,591
438,531,591
438,532,590
438,532,590
438,532,590
437,531,590
437,531,590
437,531,590
437,531,590
437,532,590
437,532,590
437,531,590
437,532,590
437,532,590
437,532,590
437,532,590
437,532,590
437,532,590
437,532,589
437,532,589
437,532,589
437,532,589
438,532,589
438,532,589
438,532,589
438,532,589
438,532,590
438,532,589
438,532,589
438,532,589
438,531,589
438,531,589
438,531,589
438,531,589
438,531,589
438,531,589
438,530,589
438,530,589
438,530,589
438,530,590
438,530,590
438,530,590
438,530,590
438,530,590
439,529,590
439,529,590
439,529,590
439,529,589
439,529,590
440,529,590
440,529,590
440,529,590
441,529,590
441,528,590
441,528,590
441,528,590
441,528,591
441,527,591
441,527,591
441,527,591
441,527,591
441,527,591
442,527,591
442,526,591
442,526,591
442,526,591
442,526,591
442,526,591
442,526,591
442,526,591
442,526,590
441,526,590
441,526,590
441,526,589
441,526,589
441,527,589
441,527,589
441,527,589
441,527,588
441,527,588
441,528,588
441,528,588
441,529,588
441,529,588
441,530,588
441,530,588
441,531,588
441,532,588
441,533,589
441,533,588
441,534,589
441,534,589
440,534,589
440,535,589
440,535,589
440,535,589
440,536,589
440,536,589
440,536,589
440,536,589
440,536,589
441,537,589
441,536,589
441,536,589
441,536,589
442,536,590
443,536,589
443,536,590
443,535,591
443,535,591
443,535,593
443,534,592
443,533,592
443,533,593
443,532,593
443,532,593
443,532,593
443,532,593
443,531,592
443,531,592
443,530,593
443,530,593
443,529,593
443,529,594
443,528,594
443,528,594
443,527,594
443,527,594
443,527,594
443,526,593
443,526,593
443,526,593
443,525,593
442,525,592
442,525,592
442,524,592
442,524,592
442,524,591
442,524,591
441,523,591
441,523,590
441,523,590
441,523,590
441,523,590
441,523,590
441,523,589
440,523,589
440,523,589
440,523,588
440,523,588
440,523,588
439,524,587
439,524,586
439,524,586
439,524,585
438,524,585
438,525,584
438,525,583
438,525,583
437,526,583
437,526,582
437,526,582
437,527,581
436,527,581
436,528,581
436,528,580
436,529,580
435,529,580
435,529,580
435,530,579
435,530,580
435,531,580
434,531,580
434,532,580
434,532,580
434,533,580
434,534,580
434,534,580
434,535,581
434,536,581
434,536,581
434,537,582
435,537,582
434,537,582
434,538,582
434,538,582
434,538,582
434,538,582
434,539,582
434,539,583
434,539,583
434,539,583
434,539,584
434,539,584
434,538,584
434,538,583
434,538,583
434,537,584
434,537,584
434,536,583
434,536,583
434,535,583
435,535,583
435,534,584
435,534,583
436,533,583
436,532,584
436,532,583
436,531,583
436,530,584
437,529,583
437,529,583
437,528,583
438,527,583
438,526,583
439,524,583
439,524,583
440,522,583
441,521,583
442,519,583
443,518,583
443,516,583
444,515,583
445,513,582
445,512,583
446,510,583
446,508,583
447,507,583
447,505,583
448,503,584
448,502,584
448,501,584
448,499,585
448,498,585
448,496,585
447,496,585
447,495,586
447,494,586
446,493,585
446,493,586
446,492,586
446,492,585
446,491,584
445,491,584
445,491,584
445,491,583
444,491,583
444,491,582
444,492,582
443,492,581
443,492,581
442,492,580
442,492,580
441,492,580
440,492,579
440,493,579
439,493,579
438,493,579
438,493,578
437,493,578
436,494,578
435,494,578
435,494,577
434,494,577
433,495,577
433,495,577
432,495,577
432,496,577
432,496,577
431,496,577
431,496,578
430,496,578
430,496,578
430,496,578
430,496,578
430,496,579
430,496,579
430,495,580
430,495,580
430,495,580
431,495,581
431,495,581
431,495,582
431,494,582
431,494,582
432,494,582
432,494,583
432,494,583
432,493,584
432,493,584
433,492,584
433,492,584
433,492,585
433,491,585
433,491,585
433,491,585
433,491,586
433,491,586
434,491,586
434,491,587
434,491,587
434,491,588
434,491,588
434,492,588
434,492,589
434,492,589
434,493,589
435,493,589
435,494,589
435,494,589
435,495,589
435,495,590
435,496,590
435,496,590
435,497,590
435,498,590
435,499,591
434,500,591
434,501,592
434,502,592
434,503,592
434,505,592
434,505,592
433,506,592
433,507,592
433,508,592
433,509,593
433,510,593
433,511,593
433,512,593
433,513,593
432,513,593
432,514,593
432,514,593
432,515,593
432,515,593
432,516,593
432,516,593
431,517,593
431,517,592
431,517,592
430,518,592
430,518,592
430,518,592
430,519,592
429,519,592
429,519,592
429,519,592
429,519,592
428,520,592
428,519,591
428,519,591
428,519,591
428,519,591
429,519,592
429,519,592
429,519,592
429,518,592
429,518,592
429,517,592
430,517,592
430,517,592
430,516,592
430,516,592
430,515,592
430,515,592
430,515,591
430,514,591
430,514,591
430,514,591
429,514,591
429,514,591
429,513,591
429,513,591
429,513,591
428,513,591
428,514,591
428,513,591
428,513,591
428,514,591
428,514,591
428,514,591
428,514,590
428,514,590
428,514,590
427,514,590
427,514,590
427,514,590
427,514,590
427,514,590
427,514,590
427,514,590
427,515,590
427,515,590
427,515,590
427,516,590
427,516,590
426,516,589
426,516,590
426,516,589
426,517,589
426,517,589
425,517,589
425,517,589
425,517,589
425,518,589
426,518,589
426,518,588
426,518,588
426,518,588
426,518,587
426,518,587
426,517,587
426,517,587
426,517,587
426,517,587
426,516,587
426,516,587
426,516,587
426,516,587
426,516,586
425,516,586
425,516,586
425,516,585
425,516,585
425,516,585
424,516,585
424,516,585
424,516,584
424,516,584
424,516,584
424,516,584
424,516,584
423,516,584
424,516,584
423,516,584
423,516,584
423,516,584
423,516,584
423,516,584
423,516,584
423,516,584
424,516,584
424,516,584
424,516,584
424,516,585
424,516,584
423,516,584
424,516,584
424,516,584
424,515,584
424,515,584
424,515,585
424,515,585
424,515,585
424,515,584
424,515,585
424,515,585
424,515,585
424,515,585
425,515,585
425,515,585
424,515,585
424,515,586
424,515,586
425,515,585
425,515,585
424,515,585
424,515,585
424,515,585
424,515,585
424,515,585
424,515,585
424,514,585
424,514,585
424,514,585
424,514,585
424,513,585
424,513,585
425,513,585
425,513,585
425,513,585
425,513,585
425,513,585
426,513,585
426,512,585
426,512,585
426,512,585
426,512,585
426,512,585
426,511,585
426,511,585
426,511,585
426,511,584
426,510,584
426,510,585
426,510,585
427,510,585
426,510,584
426,510,584
426,510,584
426,510,584
426,510,585
426,510,585
426,510,585
426,510,585
426,510,585
426,510,585
426,510,585
426,510,585
426,510,585
426,510,585
426,510,585
426,510,585
426,510,585
426,510,585
427,510,585
427,510,586
427,510,586
427,511,586
428,511,586
428,511,586
428,511,586
428,512,587
428,512,587
428,512,587
428,512,587
428,513,587
428,513,587
428,514,587
428,514,587
428,514,587
427,514,587
427,515,587
427,515,587
427,515,587
426,515,587
426,516,587
426,516,587
426,517,587
426,517,587
426,517,586
426,517,586
426,518,586
426,518,586
426,519,586
426,519,587
426,520,587
426,520,587
426,521,587
426,521,587
425,522,587
425,522,587
425,522,588
425,523,588
425,523,588
425,523,588
425,523,588
425,523,588
425,524,588
425,524,588
425,524,589
425,524,589
425,524,589
425,523,589
425,523,589
425,523,590
424,523,590
425,523,590
425,523,590
425,523,590
425,522,590
425,522,590
425,522,590
425,522,590
425,521,591
425,521,590
425,521,590
425,520,590
426,520,591
426,519,591
426,519,591
426,518,591
426,518,590
426,517,590
427,517,590
427,516,590
427,516,590
427,515,590
427,515,590
427,515,590
427,514,590
427,514,589
427,513,589
427,513,590
427,513,589
427,512,589
427,512,589
427,511,589
427,511,589
427,511,589
427,510,589
427,510,589
427,510,588
426,510,588
426,509,588
426,509,588
426,509,588
426,509,587
426,509,587
425,509,587
425,509,587
425,509,587
425,509,587
425,508,587
425,508,587
425,508,587
425,508,587
425,508,587
425,508,587
426,508,587
426,508,586
426,507,586
426,507,586
426,507,586
426,507,586
425,507,586
425,507,586
425,507,586
425,507,586
425,507,586
425,507,586
425,507,586
425,507,586
425,508,585
425,508,586
425,508,585
425,509,585
425,509,585
425,510,585
425,510,586
425,510,586
425,510,586
425,511,586
425,511,586
425,512,586
426,512,587
425,512,587
426,513,586
426,513,587
426,514,587
426,514,587
426,514,587
426,514,587
427,515,587
427,515,588
427,515,588
427,515,588
427,515,588
427,515,588
427,515,588
427,515,588
427,516,588
427,516,588
427,516,588
427,516,588
427,516,588
427,516,588
427,516,588
427,516,588
427,515,588
427,515,588
427,515,588
427,515,588
427,515,588
427,515,588
427,515,588
427,514,588
427,514,588
427,514,588
427,514,588
427,513,588
427,513,588
428,513,588
428,513,588
428,513,588
428,512,589
428,512,588
428,512,588
428,512,588
428,511,588
428,511,589
428,511,588
428,511,588
428,511,588
428,511,588
428,510,588
428,510,588
428,510,588
428,510,588
428,510,588
428,510,588
428,510,588
427,510,588
427,510,587
427,510,587
427,509,587
427,509,587
427,509,587
427,509,587
426,509,587
426,510,587
426,510,587
426,510,587
426,510,587
426,510,587
426,510,587
426,510,587
426,510,587
426,510,586
426,511,586
426,511,586
426,511,586
427,511,586
426,511,586
426,511,586
426,511,586
426,511,586
426,511,586
426,511,586
426,511,586
426,511,586
427,511,586
427,511,586
427,511,586
427,511,586
427,511,586
427,511,586
427,511,586
427,510,586
427,510,586
427,510,586
427,510,587
428,510,587
427,510,587
428,510,587
428,510,588
428,510,588
428,509,588
428,510,588
428,509,587
428,509,587
428,509,587
429,509,588
429,509,588
429,509,588
429,509,588
430,509,589
430,509,589
430,508,589
430,508,589
430,508,589
430,508,590
431,508,590
431,508,590
431,508,591
431,508,591
431,508,591
432,508,591
432,508,592
432,509,592
432,508,592
433,508,593
433,508,593
433,508,593
433,508,594
433,508,594
433,508,594
434,508,595
434,508,595
434,508,595
434,508,595
435,508,595
435,507,596
435,507,596
435,507,596
435,507,596
435,507,596
435,507,597
435,507,597
435,507,596
435,508,597
435,508,596
435,508,596
435,508,596
435,508,596
435,509,595
434,509,595
434,509,595
434,509,595
433,509,594
433,509,594
433,509,593
432,509,593
432,510,593
432,509,592
431,510,592
431,510,592
431,510,591
430,510,591
430,509,591
430,510,590
430,509,590
430,509,590
429,509,590
429,509,590
429,509,589
429,509,589
429,509,589
429,509,589
429,509,588
429,509,588
429,509,587
429,509,587
429,509,587
428,509,587
428,509,586
428,509,586
428,510,586
428,510,586
428,510,586
427,510,586
427,510,585
427,510,585
427,510,585
427,510,584
427,510,584
427,510,584
427,510,584
427,510,583
427,510,583
427,510,583
426,510,583
427,510,583
426,511,582
426,511,582
426,511,582
426,511,582
426,511,582
426,510,582
426,510,582
426,510,581
426,511,582
426,510,582
426,510,582
426,511,581
426,511,582
426,511,582
426,511,582
426,511,582
426,511,581
426,510,582
425,510,582
425,510,581
425,510,581
426,510,581
426,510,582
425,510,582
426,510,582
426,510,582
426,510,582
425,509,582
426,509,582
426,509,582
426,509,582
426,509,582
426,509,582
427,509,582
427,509,583
427,509,583
427,509,583
428,509,583
428,509,583
428,509,583
428,508,584
428,508,584
428,508,584
429,508,584
429,508,585
429,508,585
430,508,586
430,508,586
430,508,586
430,508,587
430,508,587
430,508,587
430,508,587
430,508,587
430,508,588
430,508,588
430,508,589
430,508,589
430,508,589
431,508,589
431,508,589
431,508,589
431,508,590
432,509,590
431,509,590
432,509,590
432,509,591
432,509,591
432,509,592
432,509,592
432,509,592
432,510,592
432,510,593
432,510,593
432,510,594
432,510,594
432,510,594
432,510,594
432,510,594
432,510,595
432,511,595
432,511,595
432,511,595
432,511,595
433,511,595
433,511,595
433,511,595
433,511,595
433,511,595
433,511,595
433,511,595
433,511,595
433,511,595
433,511,594
433,511,594
433,511,594
433,511,594
433,510,593
432,511,593
432,510,593
432,510,593
432,510,592
431,510,592
431,510,592
431,510,592
431,511,591
430,510,591
430,510,590
430,510,590
430,510,589
430,510,589
430,510,589
429,510,588
429,510,588
428,511,588
428,511,587
428,511,587
428,510,587
428,511,586
427,511,586
427,511,585
427,511,585
427,511,584
427,511,584
426,511,584
426,511,584
426,511,583
426,511,583
426,510,582
426,510,582
426,510,582
425,510,582
425,510,582
425,510,582
425,510,581
425,510,581
425,510,581
424,510,581
424,510,581
424,510,580
424,510,580
424,509,580
424,509,580
425,509,580
425,509,580
425,509,580
425,509,580
425,509,580
425,509,580
425,509,580
425,509,580
425,509,580
425,509,580
425,509,580
426,508,580
426,509,580
426,508,580
426,508,580
426,508,580
426,508,580
426,508,581
426,508,581
426,508,581
426,508,581
426,508,582
426,508,582
426,508,582
426,509,582
426,509,582
426,509,583
426,509,583
426,509,583
426,510,584
426,510,584
426,511,585
426,511,585
426,511,585
426,512,585
426,512,585
426,513,585
427,513,585
427,513,585
427,514,586
427,514,586
427,514,586
427,515,586
427,515,586
427,515,587
427,516,587
427,516,587
427,516,587
427,516,587
427,516,587
427,516,587
427,516,588
427,517,588
427,517,588
427,517,588
427,517,588
427,517,588
427,517,588
428,517,589
428,517,589
428,517,589
429,517,590
429,517,590
429,516,590
429,516,590
429,516,590
429,516,590
429,516,591
429,516,591
429,516,591
429,515,591
429,515,591
430,515,591
430,515,591
429,515,591
430,515,591
430,514,591
430,514,590
430,514,591
430,513,590
429,513,590
429,513,590
429,513,590
429,512,590
429,512,590
429,512,589
429,512,590
429,512,589
429,511,589
429,511,589
429,511,589
429,511,589
429,510,589
429,510,589
429,510,589
429,510,589
429,510,589
429,510,589
429,510,589
429,510,588
428,510,588
428,510,588
428,510,587
428,510,587
428,509,586
428,510,586
428,509,586
427,509,585
427,509,585
427,510,585
427,509,585
427,510,584
426,510,584
426,510,584
426,510,584
426,510,584
426,510,583
425,510,583
425,510,582
425,511,582
425,511,582
425,511,582
424,511,581
424,511,581
424,511,581
424,511,581
424,511,581
424,511,581
424,511,581
424,511,580
425,512,581
425,512,580
425,512,580
425,512,580
425,512,580
425,511,580
425,511,580
425,511,580
424,511,580
424,511,579
424,511,579
424,511,579
424,511,579
424,511,579
424,511,579
424,511,579
424,511,579
423,511,579
423,510,579
424,511,579
424,511,579
424,510,580
424,511,580
424,511,580
424,511,580
424,511,580
424,511,580
425,511,581
425,511,581
425,512,581
425,512,582
425,512,582
425,512,582
425,512,582
425,512,582
425,513,582
425,513,582
425,513,582
425,513,583
425,513,583
425,513,583
425,513,584
425,514,584
425,514,584
425,514,585
426,514,585
426,514,585
426,514,586
426,514,586
426,514,586
426,515,586
427,515,586
427,515,587
427,515,587
427,515,588
427,515,587
427,515,588
427,515,588
428,515,588
428,515,589
428,515,589
428,515,589
428,514,589
428,514,589
428,514,589
429,514,590
429,514,589
429,514,590
429,513,590
429,513,590
429,513,590
429,513,590
429,513,590
429,512,590
429,512,590
429,512,590
429,512,590
429,511,590
429,511,590
429,511,590
429,511,590
429,510,590
429,510,590
429,510,590
429,510,590
429,510,590
429,509,590
429,509,590
429,509,590
429,509,589
429,509,589
429,508,588
429,508,588
430,508,588
429,508,588
429,507,587
429,507,587
429,507,587
429,507,587
429,507,586
429,506,586
429,506,586
429,506,585
429,506,585
429,506,585
429,506,585
429,506,584
429,506,584
429,505,584
428,505,584
428,505,584
428,505,584
428,505,583
427,506,583
427,506,583
427,506,582
427,506,583
427,506,583
427,506,583
427,507,583
427,507,582
426,507,582
427,507,582
426,507,582
427,507,582
427,507,582
426,507,582
426,507,582
426,507,582
426,507,582
426,507,582
426,507,582
426,507,582
426,507,582
426,507,583
426,507,583
426,507,583
426,507,583
426,507,583
426,508,583
427,508,583
427,508,583
427,508,583
427,508,584
427,508,584
427,508,584
427,509,584
427,508,584
427,509,584
427,509,585
427,509,585
427,509,586
427,509,586
427,509,586
428,509,586
428,509,586
428,509,586
428,509,587
428,509,587
428,509,587
428,509,588
428,509,588
428,509,587
428,509,588
428,509,588
429,509,589
429,509,589
429,509,589
429,509,590
429,509,590
429,509,590
429,510,590
429,510,590
429,510,590
429,510,590
429,510,590
429,510,591
429,510,591
429,510,591
429,510,591
429,511,591
429,511,591
429,511,591
430,511,591
430,511,592
430,511,591
430,511,591
430,511,591
430,511,591
430,511,591
430,511,591
430,511,591
429,511,591
429,511,591
429,511,591
429,511,591
429,511,591
429,511,591
429,511,591
429,511,591
429,511,591
429,511,591
429,511,591
428,511,590
428,511,590
429,511,590
428,511,590
428,511,590
428,511,590
428,511,590
428,511,590
428,510,590
428,510,590
428,510,590
428,510,589
428,510,590
428,510,589
428,510,589
428,510,589
428,510,589
428,510,589
428,510,589
428,510,588
428,510,588
428,509,588
428,509,588
428,509,588
428,509,588
428,509,588
428,509,588
428,509,588
428,509,588
428,509,588
428,509,588
427,509,587
428,509,587
427,509,587
427,509,587
427,510,587
427,509,587
427,509,587
427,509,587
427,509,587
427,509,587
427,509,587
427,510,588
427,510,587
427,510,587
427,510,587
427,510,587
427,510,587
427,510,588
427,510,588
427,509,587
427,510,588
427,510,588
428,510,587
428,509,587
428,509,587
428,509,587
428,509,588
428,509,587
428,509,587
427,510,587
427,510,587
428,510,588
428,510,588
427,510,588
428,510,588
427,510,588
427,510,587
427,510,587
427,510,587
427,510,587
427,510,587
428,510,587
428,510,587
427,510,587
427,510,586
427,510,586
427,511,586
427,511,586
427,511,586
427,511,586
427,511,586
427,511,586
427,511,585
427,511,585
427,511,585
427,512,584
427,512,585
426,512,585
426,512,585
426,512,584
426,512,584
426,512,584
426,512,584
426,512,583
426,512,583
426,512,583
426,512,583
426,512,583
426,512,583
426,512,583
426,512,583
426,512,584
425,513,583
426,512,583
425,512,583
426,513,583
426,513,583
426,512,583
426,513,583
425,513,583
426,512,583
426,512,583
426,512,583
426,512,583
426,512,583
426,512,583
426,512,583
426,512,584
426,512,584
426,512,584
426,511,584
427,511,584
427,511,584
427,511,584
427,511,584
427,511,584
427,511,584
427,510,584
427,510,584
427,510,584
427,510,584
427,510,585
427,510,585
427,509,585
427,509,585
428,509,585
428,509,585
428,509,585
428,509,586
428,509,586
428,509,586
428,509,586
428,509,586
428,509,586
428,509,586
428,510,586
428,509,586
428,509,586
428,509,586
428,510,586
428,510,587
428,510,587
428,510,587
429,510,587
429,510,587
428,510,587
428,510,587
428,510,587
428,510,587
428,510,587
428,510,586
428,510,586
428,510,586
428,510,586
428,510,586
428,510,586
428,510,585
428,510,585
428,510,585
428,510,585
428,510,585
428,510,584
428,510,584
428,511,584
427,511,584
427,511,584
427,511,584
427,512,584
427,512,584
427,512,584
427,512,584
427,512,583
427,512,583
426,512,583
426,512,582
426,513,582
426,512,582
426,512,582
426,512,582
426,512,582
426,512,581
426,512,581
426,512,581
426,512,581
426,512,581
426,512,581
426,513,581
425,513,581
425,513,581
425,513,581
425,513,581
425,513,582
425,513,581
425,513,581
424,513,581
425,512,581
425,512,581
425,512,581
425,512,581
425,512,582
425,512,582
425,512,582
425,512,582
425,512,582
426,512,582
426,512,583
426,512,583
426,512,583
426,511,583
426,511,584
426,511,584
427,511,584
427,511,584
427,510,583
427,510,583
427,510,583
427,510,583
427,510,584
427,509,583
427,509,584
427,509,584
427,509,584
427,509,584
427,509,584
427,508,584
427,508,584
428,508,585
427,508,584
428,508,585
428,508,585
428,507,585
428,507,585
428,507,585
428,507,585
428,506,585
428,506,584
428,506,584
428,506,585
428,506,585
428,506,585
428,506,585
428,506,585
428,506,585
428,506,585
429,505,585
429,506,585
429,505,585
429,505,585
429,505,585
429,505,585
429,506,585
429,506,585
429,506,585
429,506,585
429,506,585
429,505,585
429,506,585
429,506,585
429,506,585
429,506,585
429,506,585
429,506,585
429,507,585
429,507,585
429,507,585
429,507,585
429,508,585
428,508,585
428,508,585
429,509,584
429,509,584
429,509,584
429,510,584
429,510,584
429,510,584
429,511,585
429,511,584
429,511,584
429,511,584
429,511,584
429,512,584
428,512,584
428,512,584
428,512,584
428,512,584
428,513,584
427,513,584
427,513,584
427,514,583
427,514,583
426,514,583
426,515,583
426,515,583
426,515,584
426,515,584
426,516,584
426,516,584
426,516,584
426,516,584
426,516,584
426,516,584
426,516,584
426,516,584
427,516,584
427,516,584
427,516,584
427,516,584
427,516,584
427,516,584
426,516,584
426,516,584
426,516,583
426,516,584
426,516,584
426,516,583
425,516,583
425,516,583
425,516,583
425,515,583
425,515,583
425,515,583
425,515,583
425,515,583
425,515,583
425,515,583
425,514,583
425,514,583
425,514,583
425,514,583
425,514,583
425,513,582
425,513,583
425,513,582
425,513,582
425,512,582
425,512,582
425,512,582
425,512,582
425,512,582
425,512,582
425,512,582
425,512,581
425,512,581
425,512,581
425,511,581
425,511,581
425,511,582
425,511,582
425,511,582
425,511,582
425,511,582
425,511,582
425,511,583
425,510,583
425,510,583
426,510,583
426,510,583
426,510,583
426,510,583
426,510,584
427,509,584
427,509,584
427,509,584
427,510,585
427,510,585
427,510,585
427,510,585
427,510,585
428,510,586
428,511,586
428,511,587
428,511,587
428,511,587
428,511,587
429,512,588
429,512,588
429,512,588
429,513,588
429,513,588
429,514,589
429,514,589
429,515,590
429,515,590
429,515,589
429,516,590
429,516,589
429,517,589
429,517,589
429,518,589
429,518,589
429,519,589
429,519,589
429,519,589
429,520,589
429,520,589
429,520,589
429,520,589
429,520,589
428,520,589
428,520,589
428,520,589
428,520,588
428,520,588
428,520,587
428,520,587
428,520,587
428,520,587
428,520,586
428,520,586
428,520,586
428,519,585
427,519,585
427,519,585
427,519,585
427,518,584
427,518,584
427,518,584
426,517,584
426,517,583
426,517,583
426,517,583
426,517,582
425,517,582
425,516,582
425,516,582
425,516,581
425,516,581
425,516,581
425,516,581
424,516,581
425,516,581
425,516,581
425,516,581
425,516,581
424,516,581
424,516,580
424,516,580
424,516,580
424,516,580
424,516,580
424,515,580
424,516,580
424,516,580
423,515,579
423,516,579
423,516,579
423,516,579
423,516,579
423,516,580
423,516,580
423,516,580
423,516,579
423,516,579
423,516,580
422,516,579
422,516,579
422,516,579
422,516,579
422,516,579
422,516,580
422,516,580
422,516,580
422,516,580
422,516,580
422,516,580
422,516,580
422,516,580
422,516,580
422,515,580
422,516,580
422,516,580
422,515,580
422,515,580
422,515,580
422,515,580
422,516,581
422,516,581
422,516,581
422,516,580
423,516,580
423,516,580
423,516,581
423,516,581
423,516,581
423,516,581
423,516,581
423,516,581
423,516,581
423,516,581
423,516,581
423,516,581
423,516,581
423,517,581
423,516,581
422,516,581
422,517,580
422,517,580
422,517,580
422,517,581
422,517,580
422,517,580
423,518,580
423,518,580
423,518,580
423,518,580
423,518,581
423,518,581
423,518,581
423,518,581
423,519,581
423,519,581
423,519,581
423,518,581
423,518,581
423,518,581
423,518,581
423,519,581
423,518,581
423,518,581
423,518,581
423,518,581
423,518,581
423,519,582
423,519,582
423,518,582
423,518,582
423,518,582
423,518,582
423,518,582
423,518,582
423,518,582
423,518,582
423,518,582
424,518,582
423,518,582
424,518,582
424,518,582
424,518,582
424,517,582
424,518,582
424,517,582
424,517,582
424,517,582
424,517,582
424,517,582
424,517,582
424,517,582
424,517,583
424,516,583
424,516,583
424,516,583
424,516,583
424,516,583
424,516,583
423,516,583
423,516,583
423,516,583
424,515,583
424,515,583
424,515,583
424,515,583
424,515,583
424,515,583
424,515,583
424,515,583
424,515,582
424,515,582
424,514,582
424,514,582
424,514,582
424,514,582
424,514,582
424,514,582
424,514,582
424,514,582
424,514,582
424,514,582
424,514,582
424,514,582
423,514,582
423,514,582
423,514,582
423,514,581
423,514,581
423,514,581
423,514,581
423,514,581
423,514,581
423,514,581
423,514,580
423,514,580
423,514,580
423,515,580
423,515,580
423,515,580
423,515,580
423,515,580
423,515,580
423,515,580
423,515,580
423,515,580
423,515,580
423,515,580
423,515,580
423,515,580
423,515,580
423,515,580
423,514,580
423,514,580
423,514,580
423,515,580
423,514,580
423,514,580
423,515,580
423,515,579
423,515,579
423,515,579
423,515,580
423,515,579
423,516,579
423,516,580
423,516,580
423,516,579
423,517,580
423,516,579
424,517,579
424,517,579
424,517,579
424,517,579
424,517,579
424,517,579
424,517,579
423,518,580
423,518,580
423,518,579
423,518,580
423,518,579
423,518,580
423,518,579
423,518,579
423,518,579
423,518,579
423,518,579
423,518,579
423,518,579
423,518,579
423,519,579
423,519,579
423,519,579
423,519,580
423,519,580
423,519,580
423,519,580
423,519,580
423,519,580
423,519,580
423,519,580
423,519,580
423,519,580
423,518,580
423,518,580
423,518,581
423,518,581
423,518,581
423,518,580
423,517,581
424,517,580
424,517,581
424,517,581
424,517,581
424,517,581
424,517,581
424,516,581
425,516,581
425,516,581
424,516,581
425,516,581
425,516,581
425,516,581
425,515,581
425,515,581
425,515,581
425,515,582
425,515,581
425,515,581
425,515,581
425,515,581
425,515,581
425,514,581
425,515,581
425,514,581
425,514,581
425,514,581
425,514,581
425,514,581
425,514,581
425,514,581
425,514,580
425,514,580
425,513,580
425,514,580
425,514,580
425,513,580
425,513,580
425,513,580
425,513,580
425,513,580
425,513,580
425,513,580
424,513,580
424,513,580
424,513,580
424,513,580
424,513,580
425,513,580
425,513,580
425,512,581
425,512,580
425,513,580
425,512,580
425,513,580
425,512,581
425,512,580
425,512,581
425,512,581
425,513,581
425,513,581
425,513,581
425,513,581
425,514,581
425,514,581
425,514,581
425,514,581
425,514,581
425,514,581
425,514,581
425,515,581
424,515,580
424,515,580
424,515,581
424,515,580
424,515,581
424,516,580
424,516,580
424,516,580
424,516,580
424,516,580
424,516,580
424,516,580
424,516,580
425,516,580
424,517,580
425,517,580
425,516,580
425,516,580
425,516,580
424,516,580
424,516,579
424,516,579
424,516,579
424,516,580
424,516,580
424,516,580
424,515,579
424,515,579
424,516,579
424,516,580
424,516,580
424,516,580
424,515,579
424,516,580
424,515,580
424,515,579
424,515,579
424,515,579
424,515,579
424,515,579
424,515,579
424,515,579
424,515,579
424,515,579
424,515,579
424,515,580
424,515,580
424,515,580
424,515,580
424,515,580
424,515,580
424,515,580
424,515,580
424,515,580
424,514,580
424,514,580
424,514,580
424,514,580
424,514,580
424,514,580
424,514,580
424,514,580
424,514,580
424,514,580
424,514,580
424,514,580
424,514,581
424,514,581
425,514,581
424,514,581
425,514,581
425,514,581
425,514,581
425,514,581
425,514,581
425,514,581
425,514,581
425,514,581
425,514,581
425,514,581
425,515,581
424,515,582
424,515,582
424,515,582
425,515,582
425,515,582
425,515,582
425,515,582
425,516,582
425,516,583
425,516,583
425,516,583
425,516,583
425,516,583
425,516,583
425,516,583
425,516,583
425,516,582
425,516,582
425,516,583
425,516,582
425,516,582
425,516,583
425,516,582
425,516,582
425,516,583
425,516,582
425,516,583
425,516,582
425,517,582
425,517,582
425,517,582
425,517,582
425,517,582
425,517,581
425,517,581
425,517,581
424,517,581
424,517,581
424,517,581
424,516,581
424,516,580
424,516,580
424,516,580
424,516,580
424,516,580
424,516,579
424,516,579
423,516,579
423,516,579
423,516,579
423,516,579
423,516,579
423,516,578
423,516,578
423,516,578
423,516,578
423,515,578
423,515,578
423,515,578
423,515,578
423,515,578
423,515,578
423,515,578
423,515,578
423,515,578
423,515,578
424,515,579
424,515,579
424,514,579
424,514,579
424,514,579
424,514,579
424,514,580
424,514,580
424,513,579
424,513,580
424,513,580
424,513,580
424,513,580
424,513,580
424,513,581
424,513,581
424,513,581
425,513,581
425,513,581
425,513,581
425,513,581
425,513,581
425,513,581
425,513,582
425,513,582
425,513,582
425,513,582
425,513,582
425,513,582
425,513,582
425,513,582
425,513,582
425,513,582
425,513,582
425,513,582
425,513,582
425,513,582
425,513,582
425,514,582
425,514,582
425,514,582
424,514,582
425,514,582
425,514,582
424,515,582
424,515,582
424,515,581
424,515,581
424,516,581
424,516,581
424,516,581
424,516,581
424,516,581
423,516,581
424,516,581
424,516,581
424,516,581
423,517,581
423,517,581
423,517,581
423,517,580
423,516,580
423,516,580
423,516,580
423,516,580
423,516,580
423,516,579
423,516,579
423,516,579
423,516,579
424,516,579
424,516,579
423,516,579
423,515,579
424,515,579
424,515,579
424,515,579
424,515,579
424,515,579
424,515,579
424,515,579
424,515,579
424,515,579
424,515,579
424,514,579
424,514,580
424,514,580
424,514,580
424,514,580
424,514,580
425,514,580
425,514,580
425,514,581
425,514,581
425,514,581
425,514,581
425,514,581
425,514,581
425,514,581
425,513,581
425,514,581
425,514,580
424,514,580
424,514,581
424,514,581
425,513,581
425,513,581
425,513,581
425,513,581
425,513,582
425,513,582
425,513,582
425,513,582
425,513,582
426,513,582
426,513,582
426,513,582
426,513,582
426,513,582
426,513,582
426,513,582
426,513,582
426,513,582
426,513,582
426,513,582
426,513,582
426,513,582
426,513,582
425,514,582
425,514,582
425,514,582
425,514,582
425,514,582
425,514,581
424,514,581
424,514,582
424,514,581
424,514,580
424,514,580
424,514,580
424,514,580
424,514,580
424,514,580
424,514,580
424,514,580
423,514,580
423,515,580
423,515,580
423,515,580
423,515,580
423,515,579
423,516,579
423,516,579
423,516,579
423,516,579
423,516,578
422,516,578
422,516,578
422,516,578
422,516,578
422,516,578
422,516,578
422,516,579
422,516,579
422,516,579
422,515,579
422,516,579
422,516,579
422,515,579
422,516,578
423,516,578
423,516,578
423,516,579
423,516,579
423,515,579
423,516,579
423,516,579
423,515,580
423,515,580
423,515,580
423,515,580
423,515,580
423,515,580
423,515,580
423,516,580
423,516,580
423,516,580
423,516,580
423,516,580
423,516,580
423,516,580
423,516,580
423,516,580
423,516,580
423,516,580
423,516,580
423,515,580
423,515,580
423,515,580
424,515,580
424,515,580
424,515,580
424,515,580
424,515,579
424,515,580
424,515,580
424,515,580
424,515,580
424,515,579
424,515,580
424,515,580
424,515,580
424,515,580
424,514,580
424,514,580
424,514,580
424,514,580
424,514,580
425,514,580
425,514,580
425,514,579
425,513,579
425,514,580
425,513,579
425,513,579
425,513,579
424,513,579
424,513,578
424,513,578
424,513,578
424,513,578
424,513,578
423,513,578
423,513,578
423,513,577
423,513,577
423,513,577
423,513,577
423,513,577
423,513,577
423,513,577
423,513,577
423,513,577
423,513,577
423,513,577
423,514,576
423,514,576
423,514,577
422,514,577
422,514,576
422,514,576
422,514,576
422,514,576
422,514,576
422,514,576
422,514,576
421,514,577
421,514,577
422,514,577
422,514,577
422,514,577
422,514,577
422,514,578
422,514,578
422,514,578
423,514,578
423,514,578
423,514,578
423,514,578
424,514,579
424,514,579
424,514,579
424,514,579
424,514,579
424,514,579
424,514,579
424,514,579
424,514,579
424,514,580
424,514,580
424,514,580
425,514,579
425,515,580
424,515,580
424,515,580
424,515,580
425,515,581
425,516,581
424,516,581
425,516,581
425,516,581
425,516,581
425,517,582
425,517,582
425,517,582
425,517,582
425,517,582
425,517,582
425,517,582
426,517,583
425,517,583
426,517,583
425,517,583
425,517,583
425,517,583
426,517,583
425,517,583
425,517,583
425,517,583
425,516,583
425,516,583
425,516,583
425,516,584
425,516,583
425,515,583
425,515,583
425,515,584
425,515,583
425,515,584
425,515,584
425,515,583
425,515,583
425,515,583
425,515,583
425,515,583
425,515,583
425,514,583
425,514,582
425,514,582
425,514,582
425,514,582
424,514,582
424,514,582
424,514,581
424,514,581
424,515,581
424,514,581
424,514,581
424,514,581
423,514,581
423,514,581
423,514,581
423,514,581
423,514,581
423,514,580
423,514,580
423,514,580
423,514,580
422,514,580
422,514,580
422,514,579
422,514,579
422,514,580
422,514,580
422,513,580
422,513,580
422,513,580
422,513,580
422,513,580
423,513,580
423,513,580
423,513,580
423,512,580
423,512,580
423,512,580
423,512,580
423,512,580
423,512,580
423,512,581
423,513,580
423,513,581
423,513,581
423,513,581
423,513,581
423,513,581
423,513,582
424,513,582
423,514,582
423,514,582
423,514,582
423,514,583
423,514,583
423,514,583
423,514,583
423,514,583
423,515,583
423,515,583
423,515,583
424,515,583
424,515,583
424,515,584
424,515,584
424,515,584
425,515,584
425,515,584
425,515,584
425,515,584
425,516,584
425,516,584
425,516,584
425,515,584
425,515,584
424,516,584
424,516,585
424,516,585
425,515,585
425,516,585
425,516,585
425,516,585
425,516,585
425,516,585
425,515,585
425,515,585
425,515,585
425,515,585
426,515,585
426,515,585
426,515,585
426,515,585
426,515,585
426,515,585
426,515,584
425,514,584
425,514,584
426,514,584
425,514,584
425,514,583
425,514,583
425,514,583
425,514,583
425,514,583
425,514,582
425,514,582
425,513,582
425,513,582
425,513,582
425,513,582
425,513,581
425,513,581
424,513,581
424,513,581
424,513,580
424,513,580
424,513,580
424,513,580
423,513,580
423,513,580
423,513,580
423,514,580
423,513,579
423,514,579
423,513,579
423,513,579
423,513,579
423,513,578
423,513,578
423,514,579
422,514,578
422,514,578
422,514,578
422,514,577
422,514,577
422,514,577
422,514,578
422,514,578
422,514,577
422,514,578
422,514,578
422,514,577
422,514,577
422,514,577
422,514,578
422,514,578
422,514,578
423,514,578
423,514,578
423,514,578
423,514,578
423,514,578
423,514,578
423,514,579
423,514,579
423,514,579
424,514,579
424,514,579
424,514,579
424,514,580
424,514,580
424,514,580
424,514,580
424,514,581
425,514,581
425,514,581
425,514,581
425,514,581
425,514,581
425,514,581
425,514,581
425,514,582
425,514,581
425,514,582
425,514,582
425,514,582
425,514,582
425,515,582
425,515,582
425,515,582
425,515,583
425,515,583
425,515,582
425,515,582
425,515,582
425,515,582
426,515,582
426,515,582
426,515,582
426,515,582
426,515,582
426,515,582
425,515,582
425,515,582
425,514,582
425,515,582
425,515,582
425,514,581
425,515,581
425,514,581
425,515,581
425,514,581
425,514,581
425,514,581
425,514,580
424,514,580
424,514,580
424,514,580
424,514,579
424,514,579
424,514,579
424,514,579
424,514,579
424,514,579
424,514,579
424,514,578
424,514,578
424,514,578
424,514,578
424,514,578
424,514,578
424,514,578
424,514,578
423,514,577
423,514,577
423,514,577
423,514,577
423,514,577
423,514,577
423,514,577
423,514,577
422,514,577
423,514,577
423,514,577
423,514,577
423,514,577
423,514,577
423,514,577
423,514,577
423,514,577
423,514,577
423,514,577
423,514,577
423,514,577
423,515,577
423,515,577
423,514,577
423,515,577
423,515,577
423,515,577
423,515,578
423,515,578
423,515,578
423,515,578
423,515,578
423,515,578
423,516,578
423,516,578
423,516,578
423,516,579
423,516,578
423,517,579
423,517,579
424,517,579
424,517,579
424,517,579
424,517,579
424,517,579
424,517,579
424,517,579
424,517,580
424,517,580
424,517,580
424,517,580
424,517,580
424,517,581
425,517,581
425,517,581
425,517,581
425,517,581
425,517,581
425,517,581
425,517,581
425,517,582
425,517,582
425,516,582
425,516,582
425,516,582
425,516,582
425,516,582
425,516,582
425,516,582
425,516,582
426,516,582
426,516,582
425,516,582
425,516,583
425,516,583
425,515,582
425,516,582
425,515,582
425,515,582
425,515,582
425,515,582
425,515,582
424,515,582
424,515,582
425,515,582
424,515,582
424,515,582
424,515,582
424,515,582
424,514,582
424,514,582
424,514,582
424,514,581
424,514,581
425,513,581
425,513,581
425,513,581
425,513,581
425,513,581
425,513,581
425,513,581
425,513,581
425,513,581
424,513,581
424,513,581
424,513,581
424,513,581
424,513,581
424,513,580
424,513,581
424,513,581
424,513,581
424,513,581
424,513,581
424,513,581
424,513,581
424,513,581
424,512,581
424,512,581
424,512,581
424,513,581
424,513,581
424,513,581
425,512,581
425,513,581
425,512,581
425,512,581
425,512,581
425,513,581
425,513,581
425,512,581
425,513,581
425,513,581
425,513,581
425,512,581
425,512,581
425,512,581
424,512,581
425,512,581
425,512,581
425,512,581
425,513,581
425,513,581
425,513,581
425,513,581
425,513,581
426,513,581
426,513,581
425,513,581
425,513,581
425,513,581
425,513,581
425,513,581
425,513,581
424,513,581
424,513,580
424,514,580
424,514,580
424,514,580
424,514,580
424,514,581
424,515,581
424,515,580
424,515,580
424,515,580
424,515,580
424,515,580
424,515,580
424,516,580
424,516,580
424,516,580
424,516,580
424,516,580
424,516,580
424,516,580
424,516,580
424,516,580
424,516,580
424,516,580
424,516,580
424,516,580
424,516,580
423,516,579
423,516,580
423,516,579
423,515,579
423,515,580
424,515,580
424,515,580
424,515,580
424,515,580
424,515,579
424,515,579
424,515,579
424,515,579
424,515,579
424,515,579
424,514,579
424,514,579
424,515,579
424,515,579
424,514,579
423,514,579
424,514,580
423,514,580
424,514,580
424,514,580
424,514,580
423,514,580
423,514,580
423,514,580
423,514,580
423,514,580
424,514,581
424,514,581
423,514,580
424,514,581
423,514,580
423,514,581
424,514,581
424,514,581
424,514,581
424,515,581
424,515,581
424,515,581
424,515,581
424,515,581
424,515,581
424,515,582
424,515,582
424,515,582
424,515,582
424,515,581
424,515,582
424,515,582
424,515,583
424,515,582
424,515,582
424,515,582
424,515,582
424,515,582
424,515,583
424,515,582
424,515,582
424,515,582
424,515,582
424,515,582
424,515,582
424,515,582
424,515,582
424,515,582
424,515,582
424,515,582
424,515,582
424,515,581
424,515,581
424,516,581
423,516,581
423,516,581
423,516,581
423,516,580
423,516,580
423,516,580
423,516,580
423,516,580
423,516,580
423,516,580
423,516,580
423,516,580
423,516,580
423,516,580
423,516,580
423,516,580
423,516,580
423,516,580
423,516,581
423,516,581
423,516,581
423,516,580
423,516,580
423,516,580
424,516,580
424,515,580
424,515,580
424,515,580
424,515,580
424,515,580
424,515,580
423,515,580
423,515,580
423,515,580
423,515,580
423,514,580
423,514,579
423,514,580
423,514,579
423,514,580
423,514,579
423,514,580
423,514,580
423,514,579
423,513,579
423,514,579
422,514,579
422,513,579
422,514,579
422,514,579
422,514,579
422,514,579
422,514,579
422,514,578
422,514,578
422,514,578
422,514,578
422,514,578
422,514,578
422,514,578
422,514,577
422,513,577
422,513,577
422,513,577
422,513,577
422,513,578
422,513,578
422,513,577
422,513,577
422,513,577
422,513,578
422,513,578
422,513,578
422,513,578
422,513,578
422,513,578
423,513,578
423,513,578
423,513,578
423,513,579
423,513,579
423,513,579
423,513,580
423,513,580
423,513,580
423,513,580
423,513,580
423,514,580
423,514,581
423,514,581
423,514,581
423,514,582
424,514,582
424,514,582
424,514,582
424,514,582
424,514,582
424,514,582
424,514,582
424,514,582
424,514,582
424,514,581
424,514,581
424,514,582
424,514,582
425,514,581
424,514,582
425,514,582
425,514,582
425,514,582
425,514,581
425,513,582
425,514,581
425,513,582
425,513,581
425,513,581
425,513,581
425,513,581
425,513,581
425,513,581
424,513,580
425,513,580
425,514,580
425,514,580
425,514,580
425,514,580
424,514,580
425,514,580
425,514,580
425,514,580
425,514,579
425,514,580
425,514,580
425,514,580
425,514,580
425,514,580
425,514,580
425,514,579
425,514,579
425,514,579
425,514,579
425,514,579
425,514,579
425,514,579
424,514,579
424,514,579
424,514,579
424,514,580
425,514,579
424,514,580
424,514,579
424,514,580
424,514,580
424,514,580
424,514,580
424,514,580
424,514,580
424,513,580
424,513,580
424,513,580
424,513,580
424,513,580
424,513,580
424,513,580
424,512,580
424,512,580
424,512,580
425,512,580
425,512,580
425,512,580
425,512,580
425,512,580
425,512,580
425,512,580
425,512,580
425,512,580
424,511,580
425,511,580
424,511,580
424,511,581
424,511,581
424,511,581
424,511,581
425,511,581
424,511,581
425,511,581
425,511,581
425,511,581
425,511,581
425,511,580
425,511,580
425,511,580
425,511,580
425,511,580
425,511,580
425,511,580
425,511,580
425,511,580
425,511,580
425,511,580
425,511,580
425,511,580
425,511,580
425,511,580
424,511,580
424,512,580
425,512,579
425,512,579
425,512,580
425,512,580
424,512,580
424,512,580
424,512,580
424,512,580
424,513,579
424,513,579
424,513,579
424,513,580
424,513,580
424,514,580
424,514,580
424,514,580
424,514,580
424,514,580
424,515,580
424,515,579
424,515,579
424,515,579
424,515,579
424,515,579
424,515,579
424,515,579
424,515,579
424,515,579
424,515,579
424,515,579
423,515,579
424,515,579
424,515,579
423,515,579
423,515,579
423,515,580
424,515,579
424,515,579
424,515,579
424,515,580
423,515,580
424,515,580
424,514,580
423,514,580
423,514,580
423,514,580
423,514,579
423,514,580
424,514,580
423,514,580
423,514,580
423,514,580
423,514,580
423,514,580
424,514,580
424,514,581
424,514,581
424,514,581
424,514,582
424,514,582
424,514,582
424,514,582
424,514,582
424,514,582
424,514,582
423,514,582
424,515,582
424,514,583
424,514,583
424,514,583
424,515,583
424,515,583
424,515,583
424,515,583
424,514,583
424,514,583
424,514,583
424,514,583
424,514,583
424,514,584
424,514,584
424,514,584
424,514,584
424,514,584
424,514,584
424,514,584
424,514,584
424,514,584
424,514,584
424,514,584
424,514,585
424,514,584
424,514,584
424,514,584
424,514,584
424,514,584
424,515,584
424,515,584
424,515,584
424,515,584
424,515,584
424,515,584
424,515,584
424,515,584
424,515,584
424,515,584
424,515,584
424,515,584
424,515,584
424,515,584
424,515,584
424,515,584
424,515,584
424,515,584
424,515,583
424,515,583
424,515,583
424,515,583
424,515,583
424,515,583
424,515,582
424,515,582
424,515,582
424,515,582
424,515,582
424,515,581
424,515,581
424,515,581
424,515,581
424,516,581
424,516,581
424,516,580
423,516,580
423,515,580
423,515,580
423,515,580
423,515,579
423,515,579
423,515,579
423,515,578
423,514,578
423,514,578
423,515,578
423,515,578
423,514,578
423,514,578
423,514,578
423,514,578
423,514,578
423,513,578
423,513,578
423,513,578
423,513,578
423,513,578
423,513,577
423,513,578
423,513,578
423,513,577
423,513,577
423,513,577
423,513,577
423,513,577
423,513,577
423,512,577
423,512,577
424,512,577
424,512,577
424,512,577
424,512,577
423,512,577
424,512,577
423,512,577
423,512,577
423,512,577
423,512,577
423,512,577
423,512,577
423,512,576
423,512,576
423,512,576
423,512,576
423,512,576
424,512,576
423,512,576
424,512,576
424,512,577
424,512,577
424,512,577
424,512,577
424,512,577
424,512,577
424,513,577
424,512,577
425,512,578
425,512,578
425,512,578
425,512,578
425,513,578
425,513,578
425,513,578
425,513,578
425,513,578
425,513,579
425,513,579
425,513,579
425,513,579
425,513,579
425,513,579
425,513,579
425,513,580
425,513,580
425,514,580
425,514,580
425,514,579
425,514,579
425,514,580
425,514,580
425,514,580
425,514,580
425,514,580
425,515,580
425,515,580
425,515,581
425,515,580
425,515,581
425,516,580
425,516,580
425,516,580
425,516,580
425,516,580
424,517,580
424,517,580
424,517,580
424,517,579
424,517,579
424,517,579
424,517,579
424,517,579
424,517,579
424,517,579
424,517,579
424,517,578
424,517,578
424,517,578
424,516,578
424,516,578
424,516,578
424,516,578
424,516,579
423,516,578
423,516,578
423,515,578
423,516,577
423,515,577
423,515,577
423,515,577
423,515,577
423,515,578
423,515,578
423,515,578
423,515,578
423,515,578
423,515,578
423,515,578
423,514,578
423,514,578
424,515,579
424,514,579
424,514,579
424,515,579
424,515,579
424,515,579
424,515,579
424,515,579
424,515,580
424,515,580
424,515,580
424,515,580
425,515,580
425,515,580
425,515,581
425,515,581
425,515,581
425,515,581
425,515,581
425,515,582
426,515,582
426,515,582
426,515,582
426,515,582
426,515,582
426,515,583
426,515,582
426,515,582
426,515,583
426,515,582
426,515,583
426,515,583
426,515,583
426,515,582
426,515,582
426,515,582
426,515,582
426,515,582
426,515,582
426,515,582
426,515,582
426,515,582
426,515,582
426,515,582
426,515,582
426,515,582
426,515,581
426,514,581
425,515,581
425,515,581
425,515,581
425,515,581
425,515,580
425,515,580
425,515,580
426,515,580
426,515,580
426,514,579
426,514,579
425,514,580
425,514,580
425,514,579
425,514,579
425,514,579
424,514,579
425,514,579
424,514,579
424,514,579
424,514,579
424,514,579
424,514,579
424,514,579
424,514,579
424,514,579
424,514,579
424,514,579
424,514,578
424,514,578
424,514,578
424,514,578
424,514,578
424,514,578
424,514,578
424,514,578
424,514,578
424,514,578
424,514,578
424,514,578
424,514,578
424,514,578
424,514,578
423,514,578
423,514,578
423,514,577
423,514,578
423,514,577
423,515,577
423,515,577
423,515,577
423,515,577
423,515,577
423,515,577
423,515,577
423,515,577
423,515,577
423,515,577
423,515,577
423,515,577
423,515,577
423,515,577
423,515,577
423,515,577
423,515,577
423,515,577
423,515,577
423,515,577
423,515,577
422,515,577
422,515,577
422,515,577
422,515,577
422,515,577
422,515,577
422,515,577
422,515,577
422,515,577
422,515,577
422,515,577
422,515,578
422,515,578
422,515,578
422,515,578
422,515,578
422,515,578
422,515,578
422,515,578
422,515,578
422,515,579
423,515,579
422,515,578
422,515,578
423,515,579
423,515,579
423,515,579
423,515,579
423,515,580
423,515,580
423,515,580
423,515,580
423,515,580
423,515,580
423,515,581
423,515,580
423,515,581
423,514,581
423,515,581
423,514,581
423,514,581
424,514,581
424,514,581
424,514,581
424,514,581
424,514,581
424,514,581
424,514,581
424,514,582
424,514,582
424,514,582
424,514,582
425,514,582
425,513,582
425,513,582
425,513,582
425,513,582
425,513,582
425,513,582
425,513,582
425,512,582
425,512,582
425,512,582
425,512,582
425,512,582
424,512,582
425,512,582
424,512,582
424,512,581
424,512,581
424,512,581
424,512,581
424,512,580
424,511,581
424,511,580
424,511,580
424,511,580
424,511,579
423,511,579
423,511,579
423,511,579
423,511,578
423,511,578
423,511,578
422,511,578
422,511,578
422,511,577
422,511,577
422,511,576
422,510,576
422,510,576
422,510,576
421,510,576
421,510,575
421,510,575
421,510,575
421,510,575
420,510,574
420,510,574
420,510,574
420,510,574
419,510,573
420,510,573
419,510,573
419,510,573
419,510,573
419,510,573
419,510,573
419,510,573
419,510,573
419,510,573
419,510,573
419,510,573
419,510,573
419,510,573
419,509,573
419,509,572
419,509,573
419,509,573
419,509,573
419,509,572
419,509,573
419,509,573
419,509,572
419,509,572
420,509,572
419,509,572
420,509,572
419,509,572
419,509,572
419,509,572
419,509,572
419,509,572
419,509,572
419,509,572
419,509,572
419,509,573
419,509,572
419,509,572
419,509,572
419,509,573
420,509,573
420,510,573
419,510,573
420,510,572
420,510,572
420,510,572
420,510,572
420,510,572
420,510,572
420,510,572
420,510,572
420,510,572
420,510,572
420,510,572
420,510,572
420,510,572
420,511,572
420,511,572
420,511,572
420,511,572
420,511,572
420,511,572
420,511,572
420,511,572
420,511,572
420,511,572
420,511,572
420,511,572
420,511,572
420,511,571
421,511,571
421,511,571
421,511,571
420,511,571
420,511,570
420,511,570
420,511,570
420,511,570
420,511,570
420,511,570
420,511,569
421,511,569
421,511,569
421,511,569
421,511,568
421,511,568
421,511,568
421,511,567
421,511,567
421,511,567
421,511,567
421,511,566
421,511,566
421,511,566
421,511,566
421,511,566